NAME	= Flow_Direction
DESCRIPTION	= 
UNIT	= 
DATAFORMAT	= BYTE
DATAFILE_OFFSET	= 0
BYTEORDER_BIG	= FALSE
TOPTOBOTTOM	= FALSE
POSITION_XMIN	= 223175.7404581533628516
POSITION_YMIN	= 3594016.1840279055759311
CELLCOUNT_X	= 2347
CELLCOUNT_Y	= 1643
CELLSIZE	= 28.5591836276349440
Z_FACTOR	= 1.000000
Z_OFFSET	= 0.000000
NODATA_VALUE	= -1.000000;-1.000000
